1111111111111111111111111111
1111111111111111111111111111
1111111111111111111111111111
1111111111111111111111111111
1222222222222112222222222221
1211112111112112111112111121
1211112111112112111112111121
1211112111112112111112111121
1222222222222222222222222221
1211112112111111112112111121
1211112112111111112112111121
1222222112222112222112222221
1111112111110110111112111111
1111112111110110111112111111
1111112110000000000112111111
1111112110111001110112111111
1111112110100000010112111111
0000002000100000010002000000
1111112110100000010112111111
1111112110111111110112111111
1111112110000000000112111111
1111112110111111110112111111
1111112110111111110112111111
1222222222222112222222222221
1211112111112112111112111121
1211112111112112111112111121
1222112222222002222222112221
1112112112111111112112112111
1112112112111111112112112111
1222222112222112222112222221
1211111111112112111111111121
1211111111112112111111111121
1222222222222222222222222221
1111111111111111111111111111
1111111111111111111111111111
1111111111111111111111111111